      0/49     2.47G   0.02137   0.01267 0.0007261   0.03476        29       640    0.9485    0.8753    0.9221     0.644   0.02462   0.01134  0.003678
      1/49     2.44G   0.02209     0.013 0.0007847   0.03587        14       640    0.9594    0.8667    0.9231    0.6366   0.02494   0.01141  0.003475
      2/49     2.44G   0.02432   0.01382 0.0009057   0.03905        24       640    0.9583     0.849     0.915    0.6253   0.02574   0.01169  0.003821
      3/49     2.44G   0.02587   0.01462  0.001185   0.04167        18       640    0.9454    0.8608    0.9121    0.6137   0.02664   0.01179  0.004075
      4/49     2.44G   0.02606   0.01473  0.001584   0.04238        33       640    0.9244    0.8612    0.9122    0.6144   0.02641   0.01176  0.004322
      5/49     2.44G   0.02561   0.01435  0.001517   0.04148        16       640    0.9286    0.8601    0.9157    0.6272   0.02616   0.01166  0.003561
      6/49     2.44G   0.02627   0.01493  0.001556   0.04276        17       640     0.941    0.8644    0.9161    0.6157   0.02609    0.0118  0.003296
      7/49     2.44G   0.02555    0.0147  0.001397   0.04165        30       640    0.9454     0.859    0.9112    0.6112     0.026   0.01181  0.003392
      8/49     2.44G   0.02589   0.01458   0.00131   0.04178        14       640    0.9436    0.8554    0.9147    0.6185   0.02595   0.01171  0.004279
      9/49     2.44G   0.02552   0.01458  0.001277   0.04137        28       640    0.9281    0.8669     0.915    0.6161   0.02591    0.0117  0.003715
     10/49     2.44G    0.0258   0.01487   0.00151   0.04218        24       640    0.9195    0.8325    0.9051     0.611   0.02631   0.01218  0.005612
     11/49     2.44G   0.02558   0.01475  0.001474   0.04181        18       640    0.9402    0.8459    0.9107    0.6187   0.02597   0.01171  0.004669
     12/49     2.44G   0.02542   0.01481  0.001304   0.04154        36       640    0.9404    0.8582    0.9168    0.6204    0.0254   0.01163  0.003615
     13/49     2.44G   0.02488   0.01439  0.001409   0.04068        22       640    0.9371    0.8599     0.913    0.6209   0.02597   0.01165  0.004662
     14/49     2.44G   0.02487   0.01462  0.001341   0.04083        12       640     0.937    0.8606    0.9128     0.622    0.0257   0.01165  0.004209
     15/49     2.44G   0.02499   0.01452  0.001366   0.04087        28       640     0.927    0.8713    0.9188    0.6271   0.02576    0.0115  0.004194
     16/49     2.44G   0.02438   0.01419  0.001216   0.03979        25       640    0.9293    0.8652    0.9143    0.6206   0.02587    0.0117  0.004291
     17/49     2.44G   0.02462    0.0143  0.001175   0.04009        31       640    0.9228    0.8708    0.9134    0.6153   0.02607   0.01172   0.00371
     18/49     2.44G   0.02436   0.01425  0.001149   0.03976        31       640    0.9446    0.8534      0.91    0.6214   0.02552   0.01174  0.003614
     19/49     2.44G    0.0239    0.0141  0.001221   0.03922        15       640    0.9349    0.8641    0.9159    0.6232   0.02549   0.01162   0.00382
     20/49     2.44G   0.02361   0.01369  0.001125   0.03843        24       640    0.9397    0.8665    0.9157    0.6246   0.02563   0.01164   0.00319
     21/49     2.44G   0.02328   0.01362 0.0009969   0.03789        13       640    0.9416    0.8753    0.9206    0.6302   0.02547   0.01154  0.003227
     22/49     2.44G   0.02347   0.01368  0.001016   0.03817        20       640     0.935    0.8706    0.9171    0.6251   0.02522   0.01151  0.003702
     23/49     2.44G   0.02309   0.01364   0.00107    0.0378        38       640    0.9408     0.872    0.9172    0.6299   0.02515   0.01177   0.00399
     24/49     2.44G   0.02303   0.01352 0.0009701   0.03752        41       640    0.9442    0.8642    0.9132    0.6263   0.02524   0.01187  0.003632
     25/49     2.44G   0.02291   0.01358  0.001069   0.03756        41       640    0.9532    0.8568    0.9199    0.6347   0.02537   0.01163  0.002958
     26/49     2.44G   0.02232    0.0127  0.001024   0.03605        26       640    0.9354    0.8712    0.9227     0.633   0.02556   0.01169  0.004128
     27/49     2.44G   0.02215   0.01305 0.0009869   0.03619        17       640    0.9495    0.8631     0.919      0.63   0.02533   0.01183  0.003646
     28/49     2.44G    0.0222   0.01322 0.0007982   0.03622        13       640    0.9389    0.8689    0.9187    0.6317   0.02522   0.01173  0.003616
     29/49     2.44G   0.02174   0.01244  0.000856   0.03505        28       640    0.9318    0.8694    0.9163    0.6261   0.02556   0.01192  0.003841
     30/49     2.44G   0.02199   0.01294 0.0009835   0.03591        15       640     0.928    0.8745    0.9185    0.6327   0.02513    0.0118  0.003694
     31/49     2.44G   0.02178   0.01323 0.0007882    0.0358        31       640    0.9335    0.8753    0.9198    0.6278    0.0254   0.01189  0.004207
     32/49     2.44G   0.02207   0.01297 0.0008448   0.03589        36       640    0.9402    0.8738    0.9194    0.6314   0.02507   0.01193   0.00375
     33/49     2.44G   0.02135   0.01274 0.0007392   0.03483        24       640    0.9491    0.8657    0.9167    0.6267   0.02547   0.01212  0.003912
     34/49     2.44G   0.02141   0.01295 0.0006826   0.03503        19       640    0.9414    0.8656    0.9192    0.6338   0.02498   0.01202  0.004016
     35/49     2.44G   0.02127   0.01284 0.0007003   0.03481        16       640    0.9408    0.8781      0.92    0.6355   0.02512    0.0119  0.004097
     36/49     2.44G   0.02106   0.01229 0.0007271   0.03408        15       640     0.942    0.8751    0.9221    0.6307   0.02535   0.01197  0.003479
     37/49     2.44G   0.02081   0.01217 0.0007621   0.03374        24       640    0.9467    0.8653    0.9201    0.6349   0.02516   0.01201  0.003401
     38/49     2.44G   0.02061   0.01283 0.0007044   0.03414        36       640    0.9412     0.868     0.919    0.6338   0.02509   0.01198   0.00361
     39/49     2.44G   0.02037   0.01229  0.000744    0.0334        24       640    0.9263    0.8837    0.9189    0.6341   0.02483   0.01205  0.003759
     40/49     2.44G   0.02057    0.0123 0.0006043   0.03348        33       640    0.9453    0.8711    0.9219    0.6318   0.02494   0.01188  0.003712
     41/49     2.44G   0.02029   0.01217 0.0006754   0.03314        19       640    0.9502     0.873    0.9227    0.6343   0.02497   0.01193  0.003494
     42/49     2.44G   0.02024   0.01212 0.0006301   0.03299        24       640    0.9325    0.8822    0.9227    0.6396   0.02487   0.01189  0.003596
     43/49     2.44G   0.02018   0.01214 0.0007007   0.03302        22       640    0.9473    0.8672    0.9196    0.6368   0.02507   0.01205  0.003782
     44/49     2.44G   0.01981   0.01214 0.0006657   0.03262        12       640    0.9432    0.8778     0.921    0.6372   0.02504   0.01206  0.003998
     45/49     2.44G   0.01966   0.01223 0.0005724   0.03246        38       640    0.9428    0.8735    0.9197    0.6325   0.02494    0.0121  0.004038
     46/49     2.44G   0.01936   0.01186 0.0005047   0.03173        17       640    0.9493    0.8666    0.9194    0.6362    0.0251   0.01203  0.004095
     47/49     2.44G   0.01987   0.01176 0.0005383   0.03217        14       640    0.9429    0.8786    0.9185    0.6331   0.02499   0.01217  0.003737
     48/49     2.44G   0.01949   0.01181 0.0005905    0.0319        39       640    0.9358    0.8797    0.9201    0.6335   0.02514   0.01218  0.004304
     49/49     2.44G   0.01939   0.01183 0.0005351   0.03175        26       640    0.9479    0.8741     0.918    0.6347   0.02509   0.01225  0.004155
