      0/49     2.48G   0.04217    0.0231  0.006377   0.07164        29       640    0.7285    0.5185    0.6002    0.2745   0.04781   0.02254  0.007947
      1/49     2.47G   0.04858     0.026  0.007954   0.08254        14       640    0.6328    0.4557    0.5126    0.2359   0.04788   0.02115   0.01151
      2/49     2.47G    0.0485   0.02567  0.007108   0.08128        24       640    0.6918    0.6212    0.6521    0.3081   0.04448   0.01973  0.008307
      3/49     2.47G   0.04683    0.0256  0.006638   0.07908        18       640    0.7231    0.6777    0.7084     0.369    0.0398   0.01789   0.00757
      4/49     2.47G     0.045   0.02485  0.006378   0.07623        33       640     0.862    0.6756    0.7565    0.4005   0.03974   0.01729  0.005585
      5/49     2.47G   0.04259   0.02302  0.005868   0.07148        16       640    0.8134    0.6511    0.7443    0.3889   0.03756   0.01658  0.005802
      6/49     2.47G   0.04224   0.02329  0.005577   0.07111        17       640     0.851     0.639    0.7499    0.4062   0.03781   0.01553  0.006691
      7/49     2.47G   0.04254    0.0236  0.005867     0.072        30       640    0.3752    0.5688    0.2641    0.1305       nan       nan       nan
      8/49     2.47G    0.0441   0.02459  0.006274   0.07496        14       640    0.7773     0.674    0.7617    0.4145   0.03774   0.01607  0.005782
      9/49     2.47G     0.042   0.02362  0.006002   0.07162        28       640    0.8703    0.7272    0.7977    0.4266   0.03617   0.01598  0.005029
     10/49     2.47G   0.04137    0.0232  0.005656   0.07023        24       640    0.8532    0.7334    0.8188    0.4633   0.03508   0.01535  0.005448
     11/49     2.47G   0.04153   0.02326  0.005889   0.07068        18       640    0.8317    0.7381    0.7996    0.4569   0.03621   0.01579  0.005078
     12/49     2.47G   0.04094   0.02329  0.005735   0.06997        36       640    0.8497    0.6725     0.763    0.4444   0.03536   0.01558  0.004978
     13/49     2.47G   0.04055   0.02304  0.005532   0.06912        22       640    0.8545    0.7385    0.8095    0.4688   0.03633   0.01549  0.005094
     14/49     2.47G   0.04042   0.02317  0.005278   0.06887        12       640    0.8573    0.6321    0.7727    0.4374   0.03582   0.01698  0.005681
     15/49     2.47G   0.04057   0.02318  0.005592   0.06935        28       640    0.8513    0.7308    0.8018    0.4474   0.03642   0.01546  0.005108
     16/49     2.47G    0.0394   0.02265  0.005243   0.06729        25       640    0.8566    0.7105    0.7969    0.4685   0.03493   0.01467   0.00508
     17/49     2.47G   0.04026   0.02285  0.005504   0.06862        31       640    0.8591    0.6774    0.7877    0.4686   0.03496   0.01469  0.005462
     18/49     2.47G   0.03985   0.02283  0.005138   0.06782        31       640    0.8472    0.7568    0.8195    0.4843   0.03432    0.0147  0.005234
     19/49     2.47G   0.03913   0.02232   0.00548   0.06693        15       640    0.8946    0.7012    0.8059    0.4855   0.03358   0.01827  0.004624
     20/49     2.47G   0.03901   0.02211  0.004971   0.06609        24       640    0.8573    0.7635    0.8223    0.4761   0.03403   0.01469  0.004705
     21/49     2.47G   0.03828   0.02203  0.005309   0.06562        13       640    0.8614    0.7587     0.824    0.4827     0.034   0.01468    0.0052
     22/49     2.47G   0.03896   0.02206  0.004923   0.06594        20       640    0.8881    0.7493    0.8264    0.4898    0.0338   0.01465  0.005617
     23/49     2.47G   0.03861   0.02212  0.004841   0.06556        38       640    0.8483    0.7352    0.8202    0.4875   0.03331   0.01458  0.004474
     24/49     2.47G   0.03791   0.02184  0.004795   0.06455        41       640    0.9013    0.7596    0.8378    0.5047   0.03242   0.01463  0.004432
     25/49     2.47G   0.03788   0.02203  0.004728   0.06464        41       640    0.8238    0.7759    0.8299    0.5113   0.03183   0.01405  0.004935
     26/49     2.47G   0.03718   0.02066  0.004689   0.06253        26       640    0.8597    0.7503    0.8295    0.5024   0.03222   0.01415  0.005046
     27/49     2.47G   0.03748   0.02152  0.004992   0.06399        17       640    0.9067    0.7361    0.8432    0.5181   0.03171   0.01371   0.00561
     28/49     2.47G   0.03685   0.02148  0.004353   0.06269        13       640    0.8887    0.7789    0.8479    0.5232   0.03158   0.01366  0.004568
     29/49     2.47G   0.03688   0.02068  0.004715   0.06228        28       640    0.8833    0.7929    0.8544    0.5266   0.03124   0.01371  0.003853
     30/49     2.47G   0.03678   0.02109  0.004403   0.06227        15       640    0.8612    0.7672    0.8359     0.517    0.0313    0.0142  0.005181
     31/49     2.47G   0.03613   0.02151  0.004363     0.062        31       640    0.9085    0.7735     0.853    0.5375   0.03087   0.01372   0.00446
     32/49     2.47G   0.03635   0.02117  0.004408   0.06193        36       640    0.8833    0.7945    0.8488    0.5256   0.03135   0.01359  0.003981
     33/49     2.47G   0.03553   0.02083  0.004483   0.06084        24       640    0.9214     0.779    0.8604    0.5381   0.03101   0.01377  0.004035
     34/49     2.47G   0.03563   0.02114  0.004142   0.06091        19       640    0.8969    0.7975    0.8652     0.532   0.03066    0.0136  0.004491
     35/49     2.47G   0.03541   0.02098  0.004236   0.06062        16       640    0.8832    0.7958    0.8608    0.5412   0.03012   0.01355  0.003731
     36/49     2.47G    0.0348   0.02012  0.004414   0.05933        15       640    0.9285    0.7903    0.8744    0.5503   0.03006   0.01356  0.003838
     37/49     2.47G    0.0347   0.01984  0.004138   0.05868        24       640    0.9118     0.804    0.8711    0.5559   0.02973   0.01314  0.004832
     38/49     2.47G   0.03412   0.02068   0.00377   0.05857        36       640    0.9227    0.7817    0.8654    0.5378   0.02986   0.01326  0.003961
     39/49     2.47G    0.0341   0.02005  0.003767   0.05791        24       640    0.9191    0.7886    0.8679    0.5518   0.02933   0.01312  0.003605
     40/49     2.47G   0.03398   0.02004  0.003741   0.05776        33       640    0.9201    0.8042    0.8799    0.5559   0.02953   0.01297  0.004506
     41/49     2.47G   0.03384   0.02002  0.003761   0.05762        19       640    0.8965    0.8127    0.8765     0.554   0.02929   0.01307  0.004265
     42/49     2.47G   0.03389   0.01992  0.003664   0.05747        24       640    0.9228    0.8172    0.8808    0.5767   0.02882   0.01285  0.003914
     43/49     2.47G   0.03333   0.01991  0.003621   0.05686        22       640    0.9221    0.8015    0.8804    0.5676    0.0288   0.01296  0.003805
     44/49     2.47G   0.03315   0.02003  0.003853   0.05703        12       640    0.8782    0.8359      0.88    0.5677   0.02887   0.01288  0.003818
     45/49     2.47G   0.03273   0.01986  0.003532   0.05612        38       640    0.9047    0.8273     0.884    0.5688   0.02866   0.01273  0.003691
     46/49     2.47G   0.03245   0.01937  0.003343   0.05517        17       640    0.9148    0.8125    0.8841    0.5686   0.02832   0.01274  0.003871
     47/49     2.47G   0.03284   0.01932  0.003505   0.05566        14       640    0.9135     0.835    0.8924    0.5781    0.0282   0.01274   0.00341
     48/49     2.47G   0.03234   0.01925  0.003433   0.05502        39       640     0.928    0.8046      0.89    0.5699    0.0285   0.01272  0.003776
     49/49     2.47G   0.03251   0.01945  0.003323   0.05528        26       640    0.9376     0.801    0.8877     0.578   0.02825   0.01242  0.003965
