      0/49     2.48G   0.02919   0.01673  0.002614   0.04854        29       640    0.9213    0.7981    0.8797     0.555   0.02943   0.01301  0.004312
      1/49     2.47G   0.03065   0.01798  0.003425   0.05206        14       640     0.909     0.846      0.89    0.5609    0.0293   0.01297  0.004021
      2/49     2.47G    0.0316   0.01897  0.003804   0.05437        24       640     0.891    0.7806    0.8622    0.5345   0.03014    0.0136  0.004087
      3/49     2.47G   0.03188   0.01912  0.003318   0.05432        18       640    0.8992    0.8243    0.8858    0.5626   0.02888   0.01251  0.004598
      4/49     2.47G   0.03086   0.01826  0.003064   0.05218        33       640    0.9088    0.8342    0.8895    0.5606   0.02816   0.01294  0.004059
      5/49     2.47G   0.03013   0.01738  0.003336   0.05086        16       640    0.9082    0.8492    0.9049    0.5818   0.02768   0.01234  0.003696
      6/49     2.47G   0.03012   0.01776  0.002925    0.0508        17       640    0.9004    0.8463    0.8914     0.564   0.02861   0.01277  0.003689
      7/49     2.47G   0.02951    0.0175   0.00265   0.04966        30       640    0.9145     0.861    0.9095    0.5793   0.02747   0.01211  0.004158
      8/49     2.47G   0.02941   0.01725  0.002468   0.04913        14       640    0.9177    0.8467    0.9009     0.566   0.02761   0.01226  0.003279
      9/49     2.47G   0.02922   0.01738  0.002419   0.04902        28       640    0.9266    0.8472    0.9066    0.5921   0.02735     0.012  0.003246
     10/49     2.47G   0.02892   0.01719  0.002514   0.04862        24       640    0.9051    0.8508    0.9077    0.5951   0.02697   0.01208  0.003746
     11/49     2.47G    0.0288   0.01701  0.002311   0.04812        18       640    0.9202    0.8344    0.9015    0.5892   0.02705    0.0121  0.003966
     12/49     2.47G   0.02872   0.01716  0.002576   0.04846        36       640    0.9216    0.8578    0.9104    0.5893   0.02727   0.01198  0.003785
     13/49     2.47G   0.02846   0.01682  0.002596   0.04788        22       640    0.9339    0.8428    0.9107    0.6046   0.02701   0.01187  0.003976
     14/49     2.47G   0.02804   0.01679  0.002298   0.04713        12       640    0.9348    0.8537    0.9116     0.605   0.02661   0.01199  0.003765
     15/49     2.47G   0.02825   0.01677  0.002399   0.04742        28       640    0.9248    0.8601    0.9069    0.5989   0.02683   0.01181  0.003346
     16/49     2.47G   0.02746   0.01638  0.002113   0.04595        25       640    0.9262    0.8514    0.9106    0.6062   0.02667   0.01203  0.004959
     17/49     2.47G   0.02797   0.01663  0.002129   0.04673        31       640    0.9271    0.8525     0.907     0.607   0.02655   0.01179   0.00452
     18/49     2.47G    0.0279   0.01668  0.002115   0.04669        31       640    0.9317    0.8567    0.9132    0.6097   0.02608   0.01162  0.003383
     19/49     2.47G   0.02733    0.0164  0.002445   0.04618        15       640    0.9291    0.8584    0.9166    0.6043   0.02671   0.01171  0.004031
     20/49     2.47G    0.0272   0.01605  0.002155    0.0454        24       640    0.9312     0.861     0.914    0.6124   0.02638   0.01168  0.003191
     21/49     2.47G   0.02667   0.01596  0.001915   0.04455        13       640    0.9275    0.8723    0.9173    0.6065   0.02589   0.01153  0.003308
     22/49     2.47G   0.02711   0.01603  0.001799   0.04494        20       640    0.9242    0.8647    0.9153    0.6079   0.02631   0.01159  0.003931
     23/49     2.47G   0.02657   0.01597  0.001902   0.04444        38       640    0.9346    0.8671     0.918    0.6145   0.02603   0.01142  0.003221
     24/49     2.47G   0.02657   0.01591  0.001846   0.04432        41       640    0.9413    0.8481    0.9155    0.6111   0.02593   0.01143   0.00348
     25/49     2.47G   0.02646   0.01585  0.001621   0.04393        41       640    0.9327    0.8643    0.9169    0.6098   0.02579   0.01164  0.002949
     26/49     2.47G   0.02595   0.01496  0.001972   0.04287        26       640    0.9289    0.8557    0.9197    0.6112   0.02587    0.0115   0.00379
     27/49     2.47G   0.02594   0.01548   0.00194   0.04336        17       640    0.9309    0.8497     0.912    0.6168   0.02614   0.01158  0.003717
     28/49     2.47G   0.02577   0.01551  0.001478   0.04276        13       640     0.923    0.8734    0.9162    0.6095   0.02604   0.01133  0.003339
     29/49     2.47G   0.02562   0.01477  0.001703   0.04209        28       640    0.9332    0.8573    0.9189    0.6146   0.02554   0.01145  0.002867
     30/49     2.47G   0.02541   0.01505  0.001553   0.04201        15       640    0.9384    0.8651    0.9177    0.6222   0.02541   0.01145  0.003426
     31/49     2.47G   0.02524   0.01534  0.001293   0.04188        31       640    0.9325    0.8714    0.9168    0.6207   0.02543   0.01137  0.003665
     32/49     2.47G   0.02548   0.01504  0.001428   0.04194        36       640    0.9298    0.8741    0.9215    0.6223    0.0255   0.01143  0.003092
     33/49     2.47G   0.02493   0.01492   0.00138   0.04123        24       640    0.9271    0.8704     0.916    0.6165   0.02586   0.01141   0.00362
     34/49     2.47G   0.02498   0.01514  0.001277    0.0414        19       640    0.9318    0.8669    0.9184    0.6238   0.02529   0.01154  0.003448
     35/49     2.47G   0.02492   0.01501  0.001276    0.0412        16       640    0.9269    0.8725    0.9202    0.6229   0.02535    0.0115   0.00351
     36/49     2.47G   0.02465    0.0145  0.001308   0.04046        15       640    0.9088    0.8896    0.9218    0.6267   0.02517   0.01145  0.003296
     37/49     2.47G    0.0243   0.01422  0.001344   0.03986        24       640    0.9305    0.8708    0.9175     0.619   0.02543   0.01148  0.003153
     38/49     2.47G   0.02396   0.01499  0.001268   0.04022        36       640    0.9408    0.8588    0.9186    0.6254   0.02509   0.01137  0.003884
     39/49     2.47G   0.02381   0.01433  0.001186   0.03933        24       640    0.9218    0.8613    0.9141    0.6262   0.02496   0.01154  0.003779
     40/49     2.47G   0.02389   0.01429  0.001183   0.03937        33       640    0.9262    0.8723    0.9194    0.6292   0.02493   0.01147  0.003242
     41/49     2.47G   0.02375   0.01427  0.001144   0.03916        19       640     0.928    0.8745    0.9166     0.625   0.02495   0.01161    0.0035
     42/49     2.47G   0.02375   0.01415  0.001202    0.0391        24       640     0.944    0.8641    0.9178    0.6302   0.02496   0.01144  0.003495
     43/49     2.47G   0.02354   0.01414  0.001022   0.03871        22       640    0.9389    0.8705    0.9207    0.6322    0.0251   0.01156  0.003404
     44/49     2.47G   0.02317   0.01411 0.0009628   0.03824        12       640    0.9343    0.8711    0.9162    0.6308   0.02498    0.0115  0.003745
     45/49     2.47G     0.023   0.01408 0.0009655   0.03804        38       640     0.939    0.8676     0.921    0.6293   0.02499   0.01157  0.003492
     46/49     2.47G   0.02258   0.01373 0.0008006   0.03711        17       640    0.9448    0.8614    0.9204    0.6321   0.02482   0.01157  0.003537
     47/49     2.47G    0.0231   0.01366 0.0009227   0.03768        14       640    0.9262    0.8785      0.92    0.6307   0.02491   0.01151  0.003634
     48/49     2.47G   0.02271   0.01371 0.0009844   0.03741        39       640    0.9398    0.8715    0.9204    0.6261   0.02511   0.01156  0.003356
     49/49     2.47G   0.02262   0.01368 0.0009098   0.03721        26       640    0.9492    0.8654    0.9213      0.63   0.02512   0.01158  0.003198
